*1
30
33
4
41
5
52
*2
37
39
41
43
49
9
*3
10
11
29
30
36
47
*4
1
27
42
5
59
6
*5
1
16
19
2
46
6
*6
13
19
22
40
47
7
*7
20
21
3
38
5
56
*8
17
37
38
4
47
53
*9
43
54
55
56
60
8
*10
18
21
25
38
4
57
*11
15
25
37
38
58
59
*12
16
19
20
27
4
43
*13
18
32
47
50
54
56
*14
16
2
23
27
47
53
*15
12
33
35
51
52
60
*16
20
32
34
49
58
60
*17
10
13
19
20
51
6
*18
23
27
36
37
42
56
*19
10
12
24
25
5
60
*20
11
25
28
30
33
51
*21
33
36
46
49
53
6
*22
1
31
38
46
56
9
*23
17
37
39
51
52
59
*24
1
14
28
33
43
8
*25
24
43
50
54
55
56
*26
10
22
50
53
57
58
*27
13
17
20
33
44
51
*28
22
24
3
54
6
60
*29
14
3
43
56
58
8
*30
14
15
29
38
50
7
*31
17
19
28
45
48
56
*32
14
33
36
43
44
5
*33
17
33
39
42
49
5
*34
13
15
17
40
53
57
*35
16
21
23
4
54
57
*36
13
17
25
29
3
51
*37
22
38
52
6
60
7
*38
10
42
43
45
54
55
*39
12
16
37
45
52
56
*40
12
3
46
47
5
8
*41
12
26
35
38
39
47
*42
11
19
24
33
36
7
*43
17
2
25
26
58
6
*44
14
18
29
38
44
47
*45
30
37
44
53
55
7
*46
1
23
24
32
46
60
*47
17
25
3
35
48
56
*48
2
28
34
47
5
50
*49
13
33
35
43
55
7
*50
16
21
44
57
58
6
*51
17
23
24
25
42
47
*52
15
30
38
46
58
59
*53
13
16
3
38
42
46
*54
18
21
36
5
56
9
*55
14
2
23
29
38
52
*56
2
20
35
51
59
7
*57
16
17
27
34
59
7
*58
12
27
30
37
44
49
*59
13
2
28
34
54
8
*60
14
15
20
21
3
38
*61
18
29
42
44
59
8
*62
13
24
31
52
6
8
*63
25
26
40
41
49
9
*64
12
23
50
54
60
8
*65
1
20
25
32
34
5
*66
12
13
15
26
33
48
*67
12
14
17
27
47
52
*68
1
12
13
3
53
59
*69
25
34
45
53
56
58
*70
17
23
27
40
43
58
*71
16
27
33
43
45
53
*72
1
19
34
43
44
48
*73
25
26
28
45
51
57
*74
2
24
34
37
38
50
*75
21
24
35
36
37
49
*76
17
18
23
33
53
8
*77
21
29
40
49
54
57
*78
12
22
25
31
32
46
*79
13
17
2
25
31
43
*80
23
28
37
40
48
51
*81
10
23
41
47
54
60
*82
15
18
29
36
51
53
*83
15
16
24
4
42
57
*84
10
25
34
4
40
6
*85
15
30
37
45
47
6
*86
21
22
34
36
54
6
*87
11
28
32
4
40
5
*88
18
29
37
4
43
45
*89
13
34
42
44
55
59
*90
21
26
40
52
54
9
*91
10
2
35
39
4
60
*92
1
23
24
3
5
51
*93
2
22
28
31
36
53
*94
18
28
51
52
55
8
*95
40
45
46
50
6
60
*96
26
4
40
42
58
7
*97
11
14
35
5
53
56
*98
13
14
31
33
35
43
*99
11
24
30
33
46
60
*100
14
29
30
46
48
51
*101
1
18
29
31
37
39
*102
19
20
37
42
44
56
*103
1
49
54
57
7
9
*104
1
13
21
38
4
52
*105
13
3
31
43
46
49
*106
16
24
35
38
39
5
*107
16
2
24
4
51
52
*108
21
24
29
34
59
60
*109
1
13
44
48
49
54
*110
18
31
43
52
57
58
*111
22
25
32
33
4
52
*112
12
20
34
37
42
43
*113
26
28
34
54
55
7
*114
12
18
37
47
54
6
*115
14
20
24
38
4
6
*116
13
32
36
42
5
51
*117
20
25
27
33
42
53
*118
22
25
37
56
57
9
*119
1
21
36
38
47
50
*120
16
27
3
40
45
46
*121
2
29
41
44
53
55
*122
11
17
20
39
43
53
*123
13
14
16
26
32
42
*124
15
34
41
5
52
57
*125
25
41
47
53
56
59
*126
10
11
28
32
40
6
*127
21
29
50
51
54
59
*128
18
21
23
3
43
9
*129
1
10
32
46
54
9
*130
13
29
38
42
49
53
*131
17
27
30
4
44
9
*132
35
41
44
50
7
9
*133
19
34
39
5
57
6
*134
25
32
36
4
52
60
*135
21
22
35
40
53
59
*136
1
17
25
38
45
59
*137
15
16
19
22
26
49
*138
14
27
37
40
41
5
*139
13
26
27
3
41
42
*140
31
41
44
46
55
7
*141
10
13
22
41
42
58
*142
15
19
20
54
59
8
*143
18
20
40
50
53
6
*144
32
36
44
45
55
8
*145
15
16
31
41
43
51
*146
25
32
34
42
51
60
*147
16
23
24
28
38
6
*148
32
35
41
55
58
59
*149
11
20
28
45
48
7
*150
12
44
50
52
54
55
*151
16
20
3
43
52
56
*152
12
15
29
5
51
58
*153
2
30
31
42
45
47
*154
10
24
33
45
48
8
*155
12
30
32
35
43
44
*156
17
23
42
49
52
55
*157
13
17
21
4
41
44
*158
14
17
4
43
51
58
*159
11
16
35
50
58
9
*160
13
2
42
52
54
58
*161
25
30
37
39
41
6
*162
21
23
33
38
48
51
*163
27
36
41
53
56
8
*164
10
14
19
28
4
44
*165
10
19
23
35
39
56
*166
12
13
22
57
59
60
*167
1
11
28
33
38
48
*168
2
31
35
45
50
9
*169
1
13
21
37
51
52
*170
41
46
51
55
58
7
*171
27
4
40
43
46
54
*172
10
14
26
35
36
49
*173
17
28
29
42
49
50
*174
11
22
23
36
52
59
*175
1
10
13
20
42
50
*176
1
28
3
4
45
53
*177
22
35
38
39
41
59
*178
15
19
26
27
33
5
*179
23
26
27
5
53
6
*180
23
29
39
51
6
60
*181
1
27
33
35
51
55
*182
10
28
3
46
5
60
*183
11
16
2
40
44
7
*184
16
21
34
41
60
9
*185
17
22
43
46
55
59
*186
14
23
24
25
26
51
*187
36
41
44
48
58
6
*188
17
27
34
42
43
46
*189
15
31
38
4
41
53
*190
10
21
32
40
42
5
*191
1
23
3
41
5
58
*192
1
26
28
41
54
60
*193
11
12
19
4
43
49
*194
25
28
32
33
42
43
*195
17
3
32
37
44
9
*196
14
17
24
32
7
9
*197
12
15
19
29
5
52
*198
1
18
23
35
40
8
*199
10
16
37
50
52
57
*200
12
15
19
34
44
51
*201
20
22
30
35
5
55
*202
12
24
44
45
49
53
*203
11
19
29
44
47
55
*204
29
31
39
41
51
58
*205
26
32
40
43
46
54
*206
18
20
26
34
51
56
*207
19
24
3
53
55
7
*208
15
23
24
25
47
57
*209
13
21
26
32
41
52
*210
20
32
37
38
48
58
*211
10
20
33
40
45
50
*212
15
29
45
57
59
6
*213
23
3
30
32
35
9
*214
12
30
31
35
50
6
*215
28
37
46
53
58
7
*216
14
18
30
35
42
59
*217
27
3
32
45
49
51
*218
12
17
40
42
47
54
*219
23
26
28
36
42
49
*220
13
14
36
53
55
60
*221
13
27
43
50
54
58
*222
19
30
48
5
52
55
*223
2
22
24
28
58
6
*224
16
18
20
21
44
7
*225
16
2
21
37
4
58
*226
1
2
38
49
50
59
*227
11
26
27
37
42
48
*228
13
16
40
43
45
59
*229
11
13
21
33
39
45
*230
40
41
44
53
56
8
*231
16
27
36
42
44
59
*232
19
22
29
37
41
59
*233
24
3
32
36
45
7
*234
15
25
41
42
45
54
*235
2
22
29
31
41
55
*236
10
25
50
52
57
60
*237
31
36
45
56
57
7
*238
13
15
37
41
42
9
*239
21
33
44
46
47
6
*240
25
28
38
41
57
59
*241
11
31
35
40
56
57
*242
21
22
28
4
56
7
*243
11
16
20
23
32
47
*244
19
24
33
47
50
60
*245
27
44
51
53
60
8
*246
16
2
32
37
43
57
*247
10
23
3
30
34
46
*248
16
32
34
35
41
56
*249
21
36
40
49
54
55
*250
25
41
42
43
55
7
*251
15
23
30
34
49
55
*252
17
26
32
4
51
54
*253
11
12
24
37
44
56
*254
1
21
22
30
4
56
*255
16
19
20
32
44
55
*256
2
21
26
32
34
52
*257
1
19
28
34
4
5
*258
12
50
54
55
60
7
*259
13
15
20
33
43
58
*260
33
4
43
59
6
60
*261
16
20
30
5
54
56
*262
11
20
48
53
58
60
*263
26
43
50
53
8
9
*264
1
13
25
31
33
5
*265
16
34
41
50
53
7
*266
2
23
38
46
48
54
*267
1
45
46
55
58
8
*268
10
21
33
47
5
6
*269
17
18
19
25
49
52
*270
27
35
40
45
5
9
*271
14
24
26
29
31
54
*272
10
24
36
56
58
9
*273
10
17
23
27
47
52
*274
11
13
18
26
39
47
*275
16
19
30
37
38
48
*276
22
39
45
53
57
59
*277
26
38
4
40
52
56
*278
10
15
18
22
31
55
*279
23
31
4
47
58
59
*280
16
20
25
30
5
58
*281
11
31
38
47
5
53
*282
14
23
24
33
36
9
*283
25
28
34
42
48
54
*284
14
30
32
36
7
8
*285
12
32
37
41
50
56
*286
29
35
37
44
47
56
*287
13
25
3
33
47
60
*288
11
17
18
50
6
9
*289
20
25
30
36
6
7
*290
25
26
30
40
57
7
*291
16
17
18
22
41
5
*292
13
23
24
34
45
53
*293
12
28
35
5
6
7
*294
22
25
28
41
45
57
*295
12
24
31
44
50
7
*296
20
3
42
46
51
52
*297
1
20
28
33
36
41
*298
22
23
24
34
5
60
*299
2
33
49
5
53
7
*300
24
27
28
38
41
57
*301
26
48
49
57
58
9
*302
12
25
30
40
41
60
*303
13
17
30
37
47
7
*304
11
34
41
42
59
7
*305
11
27
38
5
53
60
*306
19
30
41
47
56
57
*307
13
16
17
26
41
44
*308
11
25
29
39
4
55
*309
11
25
39
4
50
55
*310
14
2
28
29
31
32
*311
22
24
30
32
38
41
*312
14
23
30
41
47
50
*313
14
16
24
37
38
53
*314
32
34
37
40
5
58
*315
12
21
22
28
43
50
*316
24
28
43
51
56
6
*317
16
20
27
30
35
48
*318
19
20
3
31
40
53
*319
12
16
17
19
23
48
*320
20
22
27
47
50
53
*321
11
31
32
4
48
49
*322
11
18
29
44
47
56
*323
26
31
33
40
49
54
*324
15
22
25
30
47
8
*325
1
21
23
3
4
53
*326
21
23
40
44
51
52
*327
29
32
33
38
46
48
*328
14
21
23
5
51
7
*329
10
11
12
24
35
40
*330
14
2
23
37
4
51
*331
1
13
20
27
35
37
*332
23
28
29
34
42
44
*333
27
35
4
44
52
53
*334
14
23
24
26
41
51
*335
23
33
43
57
59
7
*336
18
2
22
26
30
54
*337
14
16
31
4
52
54
*338
1
36
4
46
48
9
*339
12
13
16
27
5
50
*340
10
12
33
42
60
9
*341
16
22
23
43
5
56
*342
16
29
34
49
51
54
*343
12
24
4
41
6
7
*344
10
12
14
33
35
36
*345
11
22
46
51
56
58
*346
12
41
46
56
60
7
*347
1
10
12
26
48
52
*348
19
30
33
39
40
52
*349
28
32
38
54
8
9
*350
10
15
23
30
43
57
*351
15
16
24
41
59
60
*352
20
25
44
47
49
7
*353
19
23
30
46
55
60
*354
16
38
40
41
52
7
*355
14
2
22
23
37
60
*356
19
21
5
54
56
58
*357
2
30
32
35
45
53
*358
12
17
21
32
40
42
*359
13
19
20
29
31
54
*360
23
24
29
47
53
55
*361
16
28
31
41
45
59
*362
20
33
37
46
56
7
*363
19
29
39
47
49
54
*364
29
44
5
51
57
59
*365
19
23
34
37
52
58
*366
15
21
4
51
6
7
*367
10
12
27
33
49
52
*368
13
29
32
38
44
50
*369
1
14
21
35
42
60
*370
1
4
40
42
51
54
*371
18
23
33
39
4
60
*372
16
17
24
39
46
57
*373
1
10
24
31
33
5
*374
16
2
26
44
5
54
*375
1
42
5
51
58
9
*376
10
13
25
35
43
48
*377
12
19
27
3
45
46
*378
38
41
45
48
5
55
*379
24
33
40
41
55
59
*380
13
22
30
31
47
57
*381
10
28
46
55
56
9
*382
31
34
37
38
53
54
*383
14
22
48
50
53
56
*384
24
28
40
47
50
52
*385
12
16
18
22
24
5
*386
17
35
36
39
43
54
*387
22
28
29
43
47
48
*388
23
36
48
52
53
58
*389
14
18
43
46
5
54
*390
12
22
34
38
53
7
*391
15
16
35
4
40
7
*392
15
23
31
39
47
49
*393
12
35
36
40
50
6
*394
15
35
42
45
49
5
*395
10
11
14
20
31
58
*396
18
34
42
45
47
6
*397
1
2
24
32
46
5
*398
16
22
28
36
37
7
*399
11
16
27
47
55
59
*400
10
13
28
29
54
59
*401
11
18
43
44
50
53
*402
16
27
43
5
56
58
*403
16
27
31
46
60
7
*404
1
24
28
38
40
58
*405
24
29
34
47
57
60
*406
12
2
32
38
47
48
*407
18
2
22
49
51
57
*408
14
28
33
44
49
56
*409
18
25
26
31
34
49
*410
24
31
36
38
55
8
*411
10
12
31
38
45
56
*412
12
14
21
45
5
59
*413
2
29
33
35
4
53
*414
16
26
35
45
52
58
*415
1
27
38
4
42
44
*416
1
13
23
33
54
56
*417
12
21
25
34
42
7
*418
15
32
45
49
52
8
*419
16
41
42
52
53
9
*420
12
29
30
43
57
59
*421
35
37
38
45
5
51
*422
12
37
43
55
56
60
*423
22
32
33
40
53
8
*424
18
27
29
36
46
59
*425
10
16
34
42
47
6
*426
30
32
37
50
54
7
*427
13
14
24
3
43
51
*428
28
30
32
46
60
8
*429
17
26
32
36
43
55
*430
10
21
25
38
50
8
*431
26
37
40
47
52
58
*432
13
17
27
39
4
50
*433
16
17
28
30
36
54
*434
10
17
24
30
4
54
*435
10
11
17
31
37
43
*436
1
29
48
57
6
7
*437
10
30
44
54
59
7
*438
11
14
3
38
48
5
*439
13
20
29
42
43
57
*440
23
3
30
46
47
5
*441
10
15
2
21
58
59
*442
15
23
31
37
59
6
*443
11
17
26
36
48
52
*444
24
3
33
48
52
57
*445
20
31
32
50
53
7
*446
11
12
17
20
47
8
*447
15
24
25
33
42
55
*448
3
45
5
51
52
9
*449
1
24
34
49
56
8
*450
1
13
50
51
59
9
*451
17
18
23
28
31
53
*452
11
16
30
36
51
54
*453
20
23
34
52
58
8
*454
17
24
4
42
46
56
*455
14
15
17
2
50
59
*456
17
22
27
3
33
40
*457
15
17
24
27
32
48
*458
13
24
32
34
43
53
*459
15
17
39
43
49
8
*460
19
23
30
37
49
55
*461
15
17
20
29
30
60
*462
17
19
22
26
27
48
*463
18
2
3
45
53
7
*464
24
33
38
45
50
6
*465
1
22
31
46
51
57
*466
11
16
28
29
30
45
*467
18
21
22
38
60
8
*468
23
25
39
5
51
6
*469
13
21
26
29
42
47
*470
11
23
37
51
58
8
*471
31
32
36
5
51
59
*472
12
29
3
38
4
51
*473
23
41
49
51
58
7
*474
12
3
32
34
40
50
*475
19
22
43
52
6
8
*476
17
20
38
43
55
58
*477
18
34
38
47
6
8
*478
21
25
3
30
31
8
*479
20
26
41
46
54
58
*480
14
33
36
38
41
49
*481
13
22
24
42
44
6
*482
12
13
33
53
54
56
*483
16
18
23
35
44
59
*484
17
18
19
38
49
53
*485
19
28
30
38
52
57
*486
14
19
30
42
50
8
*487
22
25
48
52
54
8
*488
15
30
35
39
43
57
*489
17
28
33
36
53
59
*490
11
23
29
5
54
58
*491
1
15
22
43
55
9
*492
15
18
2
56
57
6
*493
18
20
24
3
42
54
*494
18
20
28
32
49
53
*495
15
29
36
49
60
8
*496
10
19
20
29
41
59
*497
13
20
32
41
58
9
*498
2
28
49
50
57
6
*499
1
11
4
44
5
59
*500
21
29
35
36
38
54
*501
16
27
28
34
39
56
*502
13
21
24
33
50
7
*503
10
21
27
48
49
7
*504
11
19
30
39
50
8
*505
20
28
3
46
47
52
*506
15
31
34
37
38
4
*507
27
3
33
44
5
58
*508
10
15
45
46
5
56
*509
28
32
33
34
35
55
*510
1
30
4
41
45
58
*511
3
34
36
37
4
8
*512
31
4
40
53
58
8
*513
10
19
27
33
39
46
*514
15
36
40
42
51
52
*515
15
16
39
45
48
57
*516
13
24
33
34
35
5
*517
28
32
38
51
7
8
*518
10
15
18
44
5
8
*519
15
19
22
36
42
9
*520
12
17
32
34
35
9
*521
15
25
28
32
38
45
*522
14
15
25
49
52
6
*523
28
39
40
44
45
58
*524
19
29
34
41
47
48
*525
10
24
26
32
49
8
*526
21
3
31
36
55
59
*527
14
17
26
50
52
6
*528
12
28
31
34
37
8
*529
1
13
33
38
45
56
*530
1
21
25
32
49
6
*531
1
18
3
35
50
7
*532
12
13
4
52
53
9
*533
13
18
21
27
53
59
*534
23
3
31
48
57
8
*535
14
28
47
49
56
6
*536
14
15
22
23
25
37
*537
19
3
34
37
39
7
*538
25
3
43
45
52
56
*539
16
19
47
50
55
6
*540
22
28
30
4
44
49
*541
13
27
49
52
57
58
*542
19
28
35
4
49
6
*543
35
37
42
46
49
54
*544
11
17
33
34
47
56
*545
17
29
35
40
43
57
*546
13
17
4
46
5
54
*547
13
28
30
4
53
59
*548
14
47
49
51
58
59
*549
13
22
46
51
58
8
*550
16
17
38
39
45
56
*551
12
21
46
48
56
57
*552
22
47
49
52
54
9
*553
4
43
46
53
54
58
*554
15
29
31
42
47
60
*555
23
31
33
45
49
5
*556
10
17
30
33
45
8
*557
12
18
23
38
49
8
*558
14
31
57
58
59
7
*559
13
17
25
36
53
6
*560
11
18
2
30
32
58
*561
1
20
36
39
49
55
*562
16
23
35
37
55
57
*563
23
34
44
5
51
8
*564
10
13
20
32
38
49
*565
31
34
35
37
45
7
*566
13
17
18
20
37
6
*567
11
31
38
41
57
58
*568
13
17
22
25
29
41
*569
14
15
3
32
57
9
*570
15
32
33
35
36
51
*571
12
13
14
31
50
51
*572
16
20
3
33
60
9
*573
17
22
29
40
59
6
*574
10
17
2
23
32
44
*575
18
21
29
35
48
5
*576
18
39
43
52
7
8
*577
23
24
28
31
47
8
*578
18
23
3
48
56
58
*579
15
17
34
39
4
9
*580
15
16
18
28
38
47
*581
14
17
25
30
39
52
*582
13
29
40
45
51
59
*583
20
41
43
55
6
7
*584
23
30
32
53
7
8
*585
12
24
33
36
39
57
*586
11
13
38
39
45
54
*587
18
2
29
30
36
60
*588
11
13
45
46
53
55
*589
13
33
59
6
7
8
*590
18
25
28
4
5
51
*591
1
18
3
34
50
58
*592
13
14
42
47
55
59
*593
1
25
27
29
49
59
*594
10
13
29
47
53
55
*595
1
2
25
43
50
54
*596
11
14
28
43
54
60
*597
22
27
29
40
42
56
*598
16
34
38
5
50
53
*599
23
4
45
51
6
9
*600
16
18
31
34
39
54
*601
10
19
22
29
30
37
*602
13
38
46
55
60
7
*603
11
12
29
4
44
8
*604
15
25
41
46
49
51
*605
24
4
44
49
52
53
*606
23
32
35
41
55
6
*607
11
19
27
41
59
6
*608
13
19
24
30
37
6
*609
15
2
58
59
6
60
*610
25
30
43
45
47
49
*611
16
21
22
33
48
49
*612
15
18
33
50
53
55
*613
13
19
44
54
55
6
*614
12
16
31
48
57
60
*615
10
27
31
5
51
8
*616
12
16
2
24
26
54
*617
25
3
33
36
49
5
*618
10
13
24
3
60
8
*619
12
14
16
19
46
8
*620
1
13
22
29
3
32
*621
26
29
31
49
50
57
*622
19
27
29
38
50
59
*623
23
30
42
49
55
9
*624
23
34
39
43
52
8
*625
12
24
32
40
42
59
*626
18
22
39
49
7
8
*627
1
13
19
45
56
58
*628
16
22
30
56
58
8
*629
15
16
39
40
47
51
*630
12
16
20
45
53
60
*631
1
20
28
32
44
47
*632
19
2
28
48
51
54
*633
11
22
27
46
5
50
*634
10
13
24
41
42
56
*635
20
26
37
42
49
8
*636
26
28
30
32
34
50
*637
11
18
43
48
52
58
*638
10
11
36
41
42
50
*639
13
35
39
45
51
60
*640
12
19
42
46
59
60
*641
1
13
17
33
34
9
*642
17
36
40
44
51
56
*643
14
24
37
40
42
45
*644
14
27
29
31
34
57
*645
24
3
48
52
53
54
*646
10
13
32
47
49
60
*647
11
12
14
19
54
56
*648
23
29
42
45
48
5
*649
24
33
41
48
54
9
*650
10
24
25
29
53
59
*651
26
28
39
45
48
60
*652
10
18
20
24
56
57
*653
19
24
31
34
5
9
*654
10
11
40
41
56
6
*655
1
26
37
39
43
48
*656
35
36
37
46
51
59
*657
16
20
33
58
59
60
*658
11
20
3
36
41
6
*659
14
29
34
40
51
52
*660
11
38
46
5
53
54
*661
27
36
4
40
42
55
*662
18
23
25
4
56
60
*663
1
27
30
49
51
55
*664
1
12
36
38
55
59
*665
18
25
47
48
7
8
*666
16
26
29
45
55
7
*667
1
16
23
4
49
5
*668
1
14
2
33
49
56
*669
24
27
40
41
49
7
*670
22
37
42
48
58
59
*671
16
27
38
39
51
9
*672
24
28
34
38
43
53
*673
11
20
34
37
40
6
*674
18
22
29
32
38
42
*675
24
25
30
42
43
50
*676
15
32
41
42
49
9
*677
10
25
32
48
55
8
*678
14
31
40
42
44
46
*679
21
25
3
37
54
58
*680
2
22
26
3
44
5
*681
21
25
38
53
58
59
*682
27
36
37
4
47
60
*683
11
12
2
35
40
43
*684
17
19
33
37
40
50
*685
12
27
33
43
5
56
*686
15
26
33
4
5
54
*687
1
14
41
48
59
7
*688
11
21
30
35
47
52
*689
31
49
51
6
60
7
*690
12
15
41
47
53
8
*691
16
37
50
55
58
8
*692
11
18
33
57
58
60
*693
13
14
17
31
41
50
*694
15
19
29
37
41
53
*695
11
13
21
40
52
6
*696
16
34
37
53
57
9
*697
28
31
32
35
51
53
*698
12
22
27
43
55
8
*699
17
23
48
50
53
54
*700
14
2
24
3
31
40
*701
1
13
23
31
48
60
*702
1
18
45
56
57
58
*703
11
2
24
27
30
45
*704
18
2
27
34
4
50
*705
11
13
15
26
3
43
*706
10
17
2
22
60
7
*707
1
10
36
43
51
8
*708
13
39
45
47
7
9
*709
22
29
4
44
6
9
*710
25
34
39
46
49
5
*711
10
33
40
41
5
59
*712
35
43
53
58
7
8
*713
1
12
16
26
46
54
*714
17
35
39
53
7
8
*715
12
24
33
36
4
54
*716
16
2
29
32
50
7
*717
17
23
28
35
41
6
*718
21
33
35
39
58
7
*719
3
32
37
39
47
53
*720
12
31
44
51
54
56
*721
14
23
25
3
36
55
*722
18
36
44
57
60
9
*723
1
16
36
50
52
6
*724
17
27
34
48
51
55
*725
3
35
37
41
49
9
*726
1
37
40
47
5
7
*727
12
14
30
4
42
59
*728
13
24
32
42
44
8
*729
18
33
43
5
56
57
*730
15
16
2
45
50
54
*731
15
16
23
28
35
6
*732
17
19
49
50
53
6
*733
12
2
26
31
43
46
*734
27
29
43
44
45
54
*735
15
38
40
42
52
9
*736
1
21
38
41
49
56
*737
11
12
24
32
33
38
*738
14
15
26
30
42
54
*739
10
35
45
49
56
6
*740
12
16
28
29
47
50
*741
24
26
27
36
39
59
*742
17
2
34
41
50
7
*743
20
23
25
32
54
60
*744
12
23
26
39
4
46
*745
16
2
21
37
43
57
*746
1
10
12
25
49
57
*747
12
2
21
23
3
56
*748
1
19
2
35
51
7
*749
24
4
47
48
50
57
*750
10
17
33
42
54
58
*751
20
25
38
4
50
7
*752
23
24
25
29
4
42
*753
2
22
35
43
59
7
*754
13
3
34
4
42
50
*755
12
30
4
47
49
59
*756
27
37
38
41
5
50
*757
12
17
18
30
32
58
*758
1
23
36
43
47
59
*759
30
31
39
45
48
59
*760
12
17
44
45
46
60
*761
13
17
27
29
40
56
*762
12
21
37
39
54
9
*763
1
26
40
47
48
9
*764
3
45
47
53
55
7
*765
10
16
3
30
37
50
*766
1
19
24
42
50
58
*767
15
22
32
38
50
54
*768
30
33
37
4
59
8
*769
12
16
20
21
29
50
*770
12
25
34
35
4
48
*771
14
21
29
34
46
47
*772
10
35
38
51
52
60
*773
14
29
3
34
5
51
*774
10
37
46
5
54
58
*775
12
27
42
46
47
50
*776
15
3
35
41
57
60
*777
14
2
23
28
50
56
*778
20
31
36
37
45
51
*779
25
26
29
36
52
54
*780
10
28
50
51
59
7
*781
10
13
39
54
56
8
*782
11
2
23
35
42
59
*783
21
32
4
43
48
8
*784
27
37
42
53
56
8
*785
17
35
37
48
5
8
*786
10
11
26
27
31
41
*787
20
31
34
37
54
60
*788
17
19
29
31
44
57
*789
31
38
39
50
6
60
*790
19
2
22
28
43
6
*791
14
19
35
42
58
9
*792
29
34
43
45
56
9
*793
15
16
3
33
51
57
*794
3
38
42
47
55
56
*795
14
21
26
29
36
48
*796
19
24
34
39
43
5
*797
12
47
48
52
58
6
*798
29
3
32
4
52
9
*799
19
29
35
42
55
57
*800
1
11
37
38
56
7
*801
11
19
20
22
42
48
*802
14
18
24
48
6
60
*803
10
21
28
3
5
57
*804
13
3
37
47
56
59
*805
2
30
36
43
48
60
*806
18
26
35
41
47
60
*807
2
27
32
49
56
8
*808
15
2
21
31
46
57
*809
11
15
23
25
30
5
*810
1
33
37
4
48
5
*811
10
28
32
41
47
57
*812
11
13
38
39
54
57
*813
15
23
45
46
56
9
*814
11
2
41
46
50
8
*815
19
37
39
50
57
9
*816
20
21
30
40
47
52
*817
10
29
30
34
43
52
*818
22
25
41
44
8
9
*819
19
25
46
5
51
58
*820
10
17
21
32
45
46
*821
29
33
36
38
4
42
*822
10
17
27
4
41
52
*823
1
15
26
51
54
59
*824
20
33
48
6
7
9
*825
10
21
28
40
41
47
*826
27
45
53
6
7
8
*827
18
24
30
42
51
56
*828
23
28
38
42
50
53
*829
10
14
32
47
50
56
*830
13
2
41
49
51
53
*831
3
32
33
42
48
50
*832
15
17
23
33
39
49
*833
13
16
46
53
57
58
*834
10
16
17
34
44
51
*835
18
31
33
49
57
58
*836
17
22
28
38
52
59
*837
16
24
34
5
6
60
*838
23
30
38
44
47
9
*839
11
18
37
43
7
8
*840
17
29
31
35
43
59
*841
22
32
36
38
51
7
*842
30
44
51
60
7
9
*843
1
16
34
36
45
48
*844
16
24
34
44
54
57
*845
14
19
20
40
48
52
*846
2
3
44
47
50
54
*847
14
15
27
42
44
48
*848
17
27
32
34
47
56
*849
39
44
49
58
8
9
*850
22
25
44
59
60
7
*851
16
19
3
32
35
58
*852
14
23
34
38
44
6
*853
30
38
46
51
56
59
*854
17
24
25
27
3
44
*855
24
3
31
42
43
53
*856
11
15
40
41
42
47
*857
17
2
3
49
50
59
*858
18
23
31
37
4
54
*859
12
34
46
47
57
9
*860
17
2
22
42
44
8
*861
39
40
42
47
59
60
*862
11
12
19
2
35
8
*863
15
24
32
50
53
57
*864
11
31
33
42
57
8
*865
23
26
27
41
51
53
*866
27
36
40
46
48
5
*867
10
19
26
28
44
54
*868
21
22
25
40
51
57
*869
27
29
42
49
50
51
*870
08
21
34
40
43
52
*871
01
05
10
17
47
58
*872
05
18
31
43
55
58
*873
04
19
30
34
57
59
*874
10
20
42
44
52
59
*875
18
20
24
36
53
58
*876
04
08
12
41
45
60
*877
13
15
20
28
31
36
*878
11
12
37
38
43
54
*879
10
28
29
35
42
46
*880
25
30
37
46
49
51
*881
04
18
24
43
51
56
*882
17
41
42
44
45
60
*883
21
32
37
52
53
60
*884
02
11
12
14
22
39
*885
04
13
31
33
47
51
*886
17
33
37
50
55
59
*887
01
12
21
32
34
44
*888
24
40
50
52
54
60
*889
20
24
34
39
54
60
*890
07
09
17
21
22
54
*891
15
16
19
22
34
35
*892
01
19
42
44
49
52
*893
03
18
26
51
53
56
*894
20
24
28
37
41
44
*895
02
41
43
55
57
58
*896
05
11
22
31
35
41
*897
07
21
22
43
46
57
*898
03
04
08
30
45
54
*899
18
20
36
53
54
58
*900
04
18
21
34
38
59
*901
13
16
32
33
34
56
*902
18
23
50
52
55
58
*903
05
17
20
32
41
55
*904
32
44
48
51
53
59
*905
02
04
15
16
55
57
*906
07
14
24
29
35
39
*907
09
36
37
41
51
53
*908
01
09
19
25
50
52
*909
17
22
26
28
38
42
*910
03
15
27
29
36
53
*911
01
06
28
29
46
49
*912
04
19
21
26
29
54
*913
14
30
36
38
46
59
*914
09
12
23
33
45
51
*915
17
20
26
28
48
49
*916
05
28
33
36
37
38
*917
23
25
30
46
47
59
*918
04
08
12
38
44
52
*919
03
25
31
41
43
60
*920
05
17
24
52
55
57
*921
01
09
35
41
48
57
*922
12
13
19
41
45
49
*923
02
15
39
50
53
57
*924
02
20
21
27
51
60
*925
08
22
36
37
46
52
*926
21
33
34
40
41
59
*927
19
23
26
31
33
36
*928
04
10
32
33
49
60
*929
16
27
35
39
49
57
*930
20
28
37
46
49
55
*931
07
17
19
34
36
39
*932
02
17
21
36
42
53
*933
08
14
25
39
45
51
*934
01
03
21
25
44
48
*935
07
13
18
29
31
45
*936
05
14
22
29
33
44
*937
02
21
22
30
41
52
*938
15
27
35
50
57
59
*939
06
19
23
37
49
50
*940
05
25
31
33
37
51
*941
10
11
15
27
53
60
*942
05
08
18
42
52
59
*943
03
12
23
41
47
58
*944
16
37
43
52
58
59
*945
04
08
27
44
54
59
*946
01
05
12
47
52
59
*947
03
05
11
14
33
58
*948
22
41
44
46
52
54
*949
01
23
41
44
51
52
*950
23
41
42
48
49
59
*951
14
24
34
39
49
55
*952
02
11
18
27
30
54
*953
01
16
39
42
48
55
*954
05
08
18
24
33
57
*955
05
12
21
32
33
35
*956
46
47
51
54
57
59
*957
24
25
32
34
50
57
*958
07
13
22
33
48
51
*959
03
05
11
33
39
57
*960
06
18
19
33
34
53
*961
02
04
16
21
36
53
*962
02
11
40
48
49
55
*963
15
17
37
48
50
59
*964
08
13
20
26
33
42
*965
05
30
36
39
57
58
*966
01
04
26
28
41
58
*967
05
13
14
18
30
57
*968
01
04
13
30
51
60
*969
13
25
35
41
50
56
*970
05
21
28
34
54
57
*971
04
11
14
33
44
45
*972
15
18
31
33
34
56
*973
01
08
30
36
47
53
*974
12
16
20
31
38
45
*975
09
30
33
37
40
41
*976
14
23
25
28
38
53
*977
03
05
07
09
17
32
*978
12
16
18
27
42
58
*979
03
15
28
31
39
51
*980
15
17
29
35
36
59
*981
01
08
34
41
53
58
*982
08
12
24
40
43
49
*983
16
22
32
38
40
45
*984
04
10
20
43
46
47
*985
04
16
18
46
56
59
*986
06
15
19
24
31
32
*987
13
27
31
34
47
58
*988
08
17
46
48
56
60
*989
02
21
27
29
32
38
*990
02
10
15
18
29
39
*991
08
09
15
38
41
60
*992
01
04
06
08
25
28
*993
05
24
25
26
42
60
*994
03
20
29
40
44
58
*995
04
16
31
36
54
55
*996
07
15
20
21
23
29
*997
09
17
18
32
53
55
*998
03
04
21
22
28
32
*999
18
24
36
44
55
58
*1000
29
38
39
49
53
58
*1001
12
15
27
37
51
60
*1002
03
07
25
31
40
58
*1003
05
10
16
23
26
27
*1004
29
40
43
44
45
47
*1005
04
06
12
37
41
42
*1006
02
04
17
33
48
55
*1007
04
27
36
37
49
52
*1008
07
13
15
34
42
48
*1009
01
06
12
29
34
58
*1010
02
03
13
37
46
54
*1011
02
11
21
30
35
52
*1012
14
19
40
47
55
58
*1013
07
09
12
19
20
41
*1014
08
09
25
41
57
60
*1015
03
08
17
26
28
49
*1016
05
09
11
20
25
60
*1017
06
19
31
34
51
56
*1018
09
24
44
51
55
58
*1019
04
13
23
29
46
47
*1020
01
02
19
32
39
52
*1021
02
33
42
43
51
55
*1022
05
21
31
39
40
56
*1023
02
07
08
18
40
45
*1024
18
22
28
29
39
53
*1025
10
27
28
29
40
52
*1026
06
10
17
33
51
53
*1027
18
20
33
44
47
60
*1028
20
26
34
51
52
54
*1029
05
16
17
20
24
32
*1030
01
08
23
37
54
57
*1031
24
33
40
43
46
49
*1032
15
16
26
29
43
57
*1033
05
06
17
33
39
54
*1034
01
03
18
20
42
49
*1035
01
11
26
51
59
60
*1036
10
27
36
39
41
52
*1037
04
36
44
46
53
56
*1038
06
07
28
35
43
51
*1039
02
20
24
27
36
52
*1040
01
06
28
39
44
55
*1041
10
12
36
44
54
57
*1042
13
18
25
30
46
51
*1043
14
21
25
48
51
60
*1044
10
11
13
35
39
58
*1045
01
05
06
17
31
50
*1046
28
40
42
54
55
57
*1047
01
02
08
10
14
48
*1048
03
16
21
28
38
57
*1049
02
05
17
29
34
52
*1050
14
24
26
33
45
60
*1051
07
10
11
13
43
57
*1052
08
11
15
16
52
57
*1053
15
27
34
42
49
53
*1054
13
14
18
27
41
60
*1055
12
15
16
20
27
32
*1056
06
08
38
50
53
59
*1057
02
03
04
15
49
59
*1058
18
20
24
45
51
57
*1059
01
12
14
16
37
45
*1060
01
03
16
18
41
42
*1061
09
21
23
30
41
56
*1062
02
08
23
33
37
55
*1063
01
22
44
47
49
50
*1064
04
16
19
28
29
49
*1065
07
19
30
39
43
57
*1066
06
10
25
32
43
49
*1067
04
10
14
25
28
56
*1068
25
27
44
47
48
57
*1069
09
17
28
45
49
53
*1070
05
08
16
23
41
53
*1071
05
07
37
43
53
54
*1072
09
18
19
43
47
54
*1073
08
25
32
34
36
44
*1074
03
10
23
29
47
50
*1075
10
12
16
21
39
53
*1076
04
10
19
32
33
42
*1077
05
06
09
11
18
37
*1078
03
06
34
41
43
45
*1079
05
12
24
28
36
37
*1080
11
18
20
34
41
56
*1081
09
16
24
29
52
56
*1082
04
17
38
40
50
55
*1083
10
20
23
28
42
43
*1084
05
20
29
33
40
59
*1085
12
21
39
40
50
55
*1086
02
04
06
10
23
45
*1087
03
20
28
32
36
46
*1088
06
24
31
35
42
57
*1089
02
18
20
32
37
48
*1090
09
20
24
36
40
42
*1091
17
23
24
27
49
56
*1092
01
09
30
33
34
40
*1093
19
23
27
38
41
49
*1094
09
10
21
36
41
48
*1095
10
16
21
23
27
36
*1096
03
13
14
16
41
52
*1097
01
17
21
33
48
56
*1098
11
20
21
30
50
52
*1099
14
31
35
38
44
55
*1100
07
17
18
33
41
42
*1101
06
07
10
12
24
57
*1102
09
11
23
35
46
51
*1103
10
19
28
41
55
56
*1104
02
03
06
35
49
58
*1105
01
15
28
43
50
57
*1106
04
15
43
47
50
60
*1107
03
09
20
36
53
54
*1108
07
09
39
43
44
60
*1109
06
08
11
14
29
52
*1110
06
14
26
28
42
45
*1111
04
09
25
32
33
43
*1112
04
32
34
43
52
58
*1113
03
06
29
36
47
59
*1114
03
15
16
22
25
54
*1115
18
30
37
41
44
50
*1116
04
09
13
17
20
47
*1117
01
06
17
27
35
40
*1118
08
20
21
43
44
55
*1119
10
34
41
44
45
54
*1120
07
35
40
44
50
55
*1121
04
17
18
54
56
59
*1122
26
44
46
49
55
56
*1123
04
14
19
39
45
60
*1124
07
11
16
18
33
49
*1125
03
07
29
33
42
56
*1126
04
31
42
52
57
59
*1127
05
08
14
24
29
30
*1128
08
16
24
39
52
60
*1129
12
17
19
32
47
55
*1130
05
18
23
32
49
54
*1131
01
08
16
34
36
49
*1132
12
27
30
33
52
55
*1133
05
10
16
21
39
58
*1134
09
22
29
36
51
56
*1135
04
05
06
19
23
39
*1136
07
31
32
34
37
43
*1137
19
21
25
28
43
50
*1138
02
04
15
18
25
36
*1139
09
28
31
36
37
42
*1140
10
27
40
46
49
58
*1141
09
37
40
50
58
60
*1142
03
15
26
28
31
58
*1143
03
30
35
44
47
60
*1144
01
10
18
19
44
49
*1145
03
16
19
24
33
60
*1146
06
10
28
33
34
53
*1147
06
23
31
33
39
52
*1148
27
28
29
32
48
55
*1149
07
08
23
36
46
54
*1150
15
17
28
31
35
52
*1151
01
04
14
21
25
51
*1152
14
20
29
36
44
47
*1153
06
17
19
34
46
55
*1154
04
12
14
21
26
28
*1155
20
28
40
41
51
58
*1156
09
24
31
44
48
49
*1157
09
29
41
43
46
49
*1158
23
30
31
54
55
60
*1159
05
06
34
46
53
55
*1160
01
03
05
18
40
48
*1161
04
07
42
47
48
51
*1162
18
22
25
30
31
41
*1163
05
17
31
47
51
53
*1164
06
14
17
26
40
49
*1165
20
40
42
52
54
60
*1166
22
28
30
31
35
54
*1167
20
28
43
51
52
56
*1168
04
05
20
47
53
56
*1169
01
11
14
23
42
48
*1170
11
13
27
34
46
49
*1171
03
10
13
30
41
57
*1172
06
12
28
43
52
56
*1173
05
07
24
25
36
47
*1174
06
07
39
47
51
52
*1175
02
03
12
16
37
47
*1176
11
14
21
30
33
49
*1177
33
38
47
50
52
55
*1178
01
22
30
45
50
53
*1179
05
22
28
47
59
60
*1180
12
30
34
44
57
60
*1181
18
20
26
31
44
45
*1182
02
04
29
52
56
60
*1183
05
10
12
20
29
37
*1184
04
09
23
27
28
30
*1185
02
10
21
35
43
54
*1186
07
08
12
13
15
41
*1187
08
17
19
40
43
49
*1188
09
20
44
52
59
60
*1189
14
21
27
31
35
50
*1190
10
11
19
37
53
56
*1191
03
11
16
22
25
33
*1192
17
20
49
52
57
59
*1193
02
09
12
14
32
54
*1194
06
13
24
41
50
53
*1195
17
20
26
27
55
57
*1196
03
06
19
20
58
60
*1197
36
37
39
49
54
60
*1198
22
29
36
41
48
58
*1199
16
19
23
28
39
58
*1200
03
10
11
39
54
56
*1201
28
32
36
49
55
60
*1202
08
09
11
48
53
60
*1203
07
09
30
33
38
55
*1204
05
10
25
39
43
52
*1205
04
13
14
26
29
35
*1206
02
06
11
36
37
48
*1207
09
11
22
32
35
56
*1208
01
12
20
26
45
54
*1209
05
14
17
30
35
38
*1210
03
07
09
10
31
34
*1211
03
15
31
36
48
54
*1212
02
23
33
35
40
50
*1213
03
11
26
34
45
53
*1214
05
29
30
36
41
48
*1215
10
25
30
47
50
51
*1216
04
07
13
25
27
58
*1217
05
11
15
28
43
50
*1218
10
23
29
31
33
46
*1219
02
33
34
37
41
53
*1220
05
15
43
48
52
55
*1221
05
14
37
43
46
58
*1222
05
08
19
26
48
57
*1223
15
17
35
42
47
48
*1224
19
21
27
41
53
57
*1225
31
32
34
40
50
55
*1226
10
31
40
50
55
56
*1227
04
28
30
31
35
54
*1228
10
23
36
50
52
60
*1229
12
30
32
40
49
60
*1230
09
12
19
22
35
37
*1231
05
20
23
27
39
49
*1232
08
11
12
15
18
22
*1233
22
29
32
49
54
59
*1234
03
05
19
24
30
35
*1235
10
16
20
26
49
55
*1236
03
08
17
20
38
53
*1237
05
18
21
26
39
59
*1238
13
14
24
39
40
45
*1239
01
15
37
39
48
52
*1240
08
09
12
22
42
49
*1241
10
13
25
26
28
45
*1242
11
34
45
48
51
54
*1243
09
19
23
29
32
57
*1244
02
08
15
25
34
45
*1245
02
10
34
37
43
50
*1246
10
37
40
43
57
59
*1247
03
09
11
24
36
51
*1248
20
33
34
57
58
60
*1249
03
08
36
40
51
53
*1250
01
02
24
40
51
59
*1251
05
27
34
46
48
52
*1252
02
14
35
39
49
51
*1253
02
17
23
43
44
51
*1254
07
09
14
18
29
39
*1255
05
23
38
39
51
54
*1256
26
33
35
38
43
53
*1257
02
15
26
27
30
52
*1258
11
26
47
55
57
59
*1259
04
06
39
46
54
58
*1260
19
23
29
31
41
53
*1261
10
14
22
41
42
53
*1262
05
07
08
09
11
39
*1263
04
18
26
36
41
53
*1264
04
17
36
37
51
56
*1265
13
19
24
46
50
60
*1266
06
10
33
39
42
60
*1267
04
20
30
41
47
58
*1268
03
16
17
44
53
60
*1269
04
05
15
17
27
51
*1270
05
09
24
31
33
42
*1271
01
02
39
48
52
59
*1272
13
26
27
28
35
52
*1273
13
19
26
40
58
60
*1274
13
17
21
39
40
59
*1275
02
14
48
55
58
60
*1276
05
09
11
22
36
40
*1277
12
18
31
50
59
60
*1278
04
16
24
25
30
56
*1279
08
14
29
35
36
40
*1280
06
10
16
20
29
54
*1281
08
11
14
30
36
38
*1282
04
23
39
52
55
56
*1283
08
30
40
44
59
60
*1284
20
21
26
29
31
36
*1285
10
15
28
31
33
38
*1286
02
05
28
33
51
52
*1287
11
12
31
33
42
52
*1288
17
30
32
40
42
56
*1289
01
03
08
13
27
52
*1290
02
03
14
23
34
50
*1291
18
40
47
54
57
58
*1292
09
11
23
30
31
54
*1293
01
13
24
40
44
50
*1294
04
06
29
48
50
51
*1295
02
05
15
20
43
57
*1296
13
30
32
39
46
54
*1297
13
30
32
39
46
54
*1298
13
30
32
39
46
54
*1299
08
22
32
43
53
56
*1300
43
44
46
53
54
59
*1301
03
16
23
25
51
56
*1302
02
10
15
44
56
57
*1303
08
19
46
51
52
54
*1304
07
14
15
20
23
35
*1305
03
05
11
36
44
46
*1306
06
19
22
34
43
45
*1307
07
10
32
43
47
54
*1308
07
08
24
30
33
47
*1309
07
12
25
26
32
39
*1310
08
09
14
32
53
59
*1311
07
09
12
19
45
54
*1312
05
20
22
28
29
30
*1313
01
04
26
39
43
49
*1314
38
42
44
52
58
60
*1315
01
27
29
38
50
52
*1316
08
13
25
34
42
48
*1317
06
13
29
30
35
37
*1318
11
14
16
28
34
46
*1319
04
05
16
18
27
51
*1320
17
24
25
38
41
55
*1321
10
47
51
53
59
60
*1322
10
21
43
47
53
55
*1323
06
15
25
37
48
55
*1324
18
29
31
44
51
57
*1325
02
05
16
20
35
43
*1326
10
11
18
19
30
50
*1327
16
35
36
41
52
54
*1328
10
23
27
43
53
59
*1329
07
08
11
39
43
50
*1330
08
18
21
30
48
49
*1331
09
24
26
39
46
57
*1332
03
05
13
24
35
59
*1333
25
26
28
33
42
51
*1334
01
06
08
10
25
27
*1335
03
14
20
22
49
51
*1336
01
32
38
47
51
54
*1337
02
20
35
38
45
51
*1338
01
18
19
33
43
60
*1339
07
10
14
16
54
59
*1340
13
21
30
36
59
60
*1341
01
11
20
37
40
52
*1342
05
07
42
46
50
60
*1343
19
20
31
42
51
56
*1344
08
19
21
36
42
59
*1345
07
17
19
26
40
50
*1346
12
32
40
47
48
59
*1347
09
19
45
46
54
56
*1348
07
12
38
39
45
56
*1349
09
19
20
50
51
60
*1350
03
04
29
36
45
55
*1351
13
33
36
41
50
56
*1352
09
18
24
35
36
59
*1353
03
11
13
27
32
47
*1354
02
08
38
42
48
49
*1355
11
17
24
39
46
49
*1356
06
13
21
22
31
46
*1357
01
19
24
26
52
55
*1358
03
15
16
35
37
47
*1359
06
10
12
17
28
53
*1360
02
16
17
25
50
54
*1361
23
27
30
37
38
44
*1362
02
12
19
22
36
58
*1363
25
35
42
45
52
57
*1364
10
13
20
40
44
53
*1365
02
24
26
32
35
50
*1366
12
27
37
44
54
59
*1367
02
07
13
29
38
43
*1368
10
21
26
29
32
38
*1369
05
16
24
32
38
46
*1370
02
04
05
27
49
59
*1371
03
04
08
11
47
49
*1372
03
36
40
46
58
60
*1373
07
27
39
52
55
57
*1374
06
21
28
31
33
43
*1375
14
25
28
45
53
58
*1376
09
11
21
49
53
54
*1377
02
05
12
13
25
35
*1378
02
05
17
18
54
59
*1379
05
12
36
45
50
58
*1380
03
14
52
55
57
60
*1381
11
27
30
40
44
57
*1382
05
13
16
17
27
55
*1383
07
09
23
44
46
55
*1384
02
18
30
31
45
56
*1385
27
35
36
37
42
59
*1386
12
28
38
39
51
56
*1387
18
27
32
43
50
52
*1388
22
29
31
43
50
54
*1389
01
16
28
39
44
57
*1390
04
19
27
28
29
31
*1391
07
12
19
34
40
53
*1392
02
08
12
28
33
43
*1393
04
18
24
28
39
44
*1394
11
16
24
35
46
50
*1395
05
11
17
19
44
48
*1396
29
48
52
54
55
58
*1397
03
04
07
15
27
56
*1398
14
32
33
40
42
51
*1399
34
39
43
56
57
60
*1400
09
26
34
43
53
54
*1401
11
12
25
33
48
54
*1402
02
09
10
21
27
38
*1403
13
16
20
26
39
42
*1404
07
08
27
31
32
51
*1405
03
14
17
32
37
39
*1406
07
10
17
24
38
57
*1407
18
29
31
42
43
53
*1408
04
19
20
24
39
43
*1409
06
19
26
47
50
58
*1410
18
29
40
42
50
54
*1411
08
12
32
44
46
48
*1412
06
08
24
37
41
45
*1413
13
15
33
45
54
55
*1414
21
37
44
46
49
57
*1415
26
36
40
46
49
51
*1416
03
19
22
24
35
49
*1417
05
12
45
52
56
59
*1418
07
08
10
12
27
56
*1419
17
21
30
48
52
58
*1420
02
11
16
18
36
45
*1421
19
31
39
44
53
59
*1422
02
05
13
17
39
44
*1423
03
08
21
25
27
43
*1424
03
07
15
29
38
60
*1425
07
16
29
36
38
50
*1426
06
15
18
24
30
44
*1427
08
39
44
47
53
56
*1428
07
15
19
34
37
55
*1429
09
12
22
39
48
60
*1430
02
19
22
30
46
52
*1431
05
09
13
33
40
54
*1432
16
24
25
42
45
59
*1433
04
13
14
40
46
52
*1434
03
18
22
34
55
58
*1435
04
15
45
47
50
52
*1436
01
13
23
24
30
57
*1437
22
23
26
37
38
48
*1438
07
14
31
33
36
49
*1439
02
34
35
42
43
55
*1440
02
06
28
36
51
56
*1441
17
29
36
38
53
56
*1442
12
13
20
30
34
49
*1443
12
20
32
48
52
54
*1444
02
05
27
28
48
55
*1445
05
19
32
41
49
58
*1446
06
13
24
32
40
51
*1447
01
19
28
33
39
41
*1448
01
25
29
36
56
60
*1449
02
06
18
30
52
56
*1450
26
27
31
38
44
45
*1451
02
10
11
33
52
57
*1452
02
14
28
50
57
58
*1453
06
13
25
32
47
57
*1454
04
27
29
41
48
52
*1455
14
32
33
36
41
52
*1456
06
08
14
26
36
40
*1457
15
16
34
42
46
59
*1458
02
04
16
33
44
51
*1459
02
06
30
34
35
52
*1460
04
14
27
38
50
52
*1461
31
36
44
47
49
54
*1462
05
09
25
27
38
40
*1463
13
22
28
29
40
48
*1464
02
24
32
50
54
59
*1465
06
11
16
26
44
53
*1466
04
06
13
34
37
51
*1467
23
24
26
41
52
53
*1468
01
02
10
19
20
37
*1469
04
13
35
54
56
58
*1470
02
34
36
38
51
55
*1471
10
25
33
36
40
58
*1472
12
18
23
25
45
50
*1473
02
12
33
57
58
60
*1474
01
02
03
11
28
43
*1475
12
13
37
44
48
51
*1476
04
10
26
37
47
57
*1477
03
04
46
50
56
59
*1478
10
27
37
40
47
55
*1479
21
48
50
54
57
60
*1480
09
14
21
26
36
52
*1481
17
27
28
40
44
55
*1482
06
09
11
34
41
53
*1483
01
35
39
53
55
56
*1484
17
20
24
29
49
53
*1485
04
27
30
36
54
59
*1486
01
06
10
34
40
54
*1487
04
09
17
23
28
53
*1488
04
22
25
38
45
51
*1489
01
15
24
26
28
48
*1490
01
03
31
32
43
52
*1491
06
26
45
50
56
60
*1492
04
09
18
44
46
48
*1493
07
12
24
27
30
49
*1494
02
14
24
28
35
50
*1495
04
13
14
44
49
57
*1496
14
18
28
41
47
54
*1497
04
05
07
27
45
58
*1498
06
11
27
40
46
49
*1499
08
22
26
33
37
54
*1500
10
18
31
43
57
59
*1501
01
07
13
29
37
54
*1502
06
22
43
51
52
57
*1503
03
04
16
22
36
42
*1504
02
10
12
30
41
42
*1505
01
02
06
09
16
32
*1506
03
14
18
34
42
49
*1507
24
46
50
51
52
56
*1508
17
18
30
35
39
58
*1509
01
06
27
46
51
59
*1510
01
08
17
44
46
53
*1511
04
08
17
29
31
45
*1512
11
28
35
42
46
58
*1513
17
28
31
56
57
58
*1514
16
17
23
42
59
60
*1515
04
13
14
18
49
59
*1516
04
18
20
34
45
60
*1517
07
17
38
45
52
56
*1518
08
09
28
41
48
55
*1519
05
06
15
23
56
59
*1520
07
31
35
36
46
48
*1521
11
14
18
30
33
39
*1522
05
08
23
32
33
56
*1523
22
25
31
39
41
44
*1524
02
12
40
46
52
53
*1525
02
26
30
35
46
54
*1526
10
16
28
47
51
59
*1527
16
32
36
42
44
48
*1528
04
13
15
19
36
58
*1529
11
15
17
34
35
49
*1530
10
16
28
33
48
53
*1531
12
13
24
41
42
44
*1532
02
11
23
31
42
44
*1533
13
21
29
34
47
57
*1534
01
12
28
29
34
48
*1535
08
09
25
41
54
55
*1536
13
18
29
32
50
58
*1537
06
10
33
50
51
56
*1538
23
27
35
52
53
57
*1539
08
10
20
26
49
58
*1540
03
17
27
32
47
54
*1541
05
24
37
44
49
58
*1542
07
11
12
30
39
57
*1543
07
15
20
23
30
41
*1544
02
21
30
35
45
50
*1545
04
06
11
24
45
48
*1546
04
17
38
44
53
60
*1547
02
09
10
18
21
28
*1548
19
41
42
44
47
54
*1549
10
12
16
20
32
53
*1550
09
13
21
27
36
56
*1551
02
15
19
21
23
38
*1552
07
18
24
26
39
46
*1553
20
21
22
29
46
60
*1554
30
32
49
50
52
53
*1555
02
05
23
33
52
59
*1556
01
04
07
10
11
52
*1557
04
16
18
31
45
46
*1558
07
15
17
31
42
54
*1559
08
12
16
29
37
58
*1560
20
30
36
38
47
53
*1561
23
26
28
54
55
60
*1562
10
12
23
37
47
51
*1563
01
06
13
20
36
43
*1564
25
38
44
46
53
54
*1565
18
37
39
41
43
51
*1566
05
06
11
32
36
60
*1567
02
15
30
38
48
53
*1568
19
24
25
28
42
58
*1569
05
15
18
31
42
53
*1570
15
18
24
42
46
56
*1571
03
29
32
46
55
60
*1572
20
27
42
45
46
47
*1573
07
16
21
35
36
38
*1574
06
27
28
33
46
48
*1575
01
04
05
14
45
56
*1576
13
15
21
26
30
46
*1577
11
14
25
32
51
59
*1578
03
06
30
37
53
56
*1579
25
34
40
49
51
60
*1580
01
06
14
17
33
36
*1581
14
15
25
30
31
34
*1582
01
04
13
17
38
48
*1583
02
09
17
18
45
47
*1584
03
22
27
28
50
54
*1585
02
43
47
48
49
55
*1586
08
39
43
46
47
58
*1587
08
19
21
30
52
56
*1588
23
29
32
36
45
49
*1589
04
05
11
19
41
51
*1590
07
20
34
40
44
55
*1591
04
10
23
33
38
55
*1592
31
36
38
41
42
49
*1593
04
09
17
18
21
38
*1594
06
07
08
23
43
53
*1595
02
05
08
42
46
59
*1596
01
05
07
10
12
45
*1597
05
10
16
44
50
52
*1598
29
31
36
42
47
53
*1599
03
10
15
35
36
58
*1600
09
23
32
35
46
57
*1601
08
10
24
45
56
60
*1602
08
12
22
35
40
44
*1603
13
20
27
31
53
60
*1604
02
21
24
27
40
51
*1605
09
19
21
30
31
42
*1606
01
15
37
42
46
54
*1607
07
31
32
41
51
52
*1608
05
06
17
43
54
59
*1609
02
06
13
26
53
60
*1610
01
04
09
35
36
53
*1611
24
28
47
50
51
58
*1612
06
13
17
36
42
51
*1613
04
18
31
44
46
49
*1614
14
17
21
27
43
49
*1615
05
20
26
31
33
44
*1616
28
31
40
42
46
58
*1617
03
23
26
31
47
54
*1618
09
20
24
43
51
52
*1619
05
08
17
42
46
47
*1620
13
23
27
34
38
57
*1621
10
22
24
38
39
49
*1622
04
05
07
21
45
53
*1623
33
43
49
50
56
59
*1624
02
27
32
41
47
58
*1625
11
22
36
40
45
52
*1626
03
05
14
35
43
52
*1627
20
26
32
41
45
57
*1628
26
29
34
38
50
60
*1629
04
20
24
35
47
59
*1630
01
07
30
43
44
54
*1631
04
29
44
47
48
60
*1632
06
18
24
27
56
59
*1633
01
02
11
13
36
49
*1634
09
10
23
33
44
51
*1635
08
23
28
30
32
51
*1636
19
26
33
35
51
52
*1637
01
05
24
47
55
56
*1638
01
02
38
41
42
58
*1639
16
29
34
35
49
51
*1640
02
06
18
23
31
46
*1641
23
29
30
33
46
51
*1642
03
23
42
43
47
60
*1643
16
19
20
28
37
60
*1644
10
13
16
22
34
60
*1645
08
18
21
31
37
38
*1646
19
23
34
40
41
58
*1647
12
17
23
38
53
54
*1648
15
16
18
20
22
48
*1649
24
33
38
42
44
54
*1650
17
23
29
38
57
60
*1651
08
27
35
38
41
44
*1652
07
24
26
28
44
57
*1653
01
21
22
27
32
45
*1654
07
16
33
42
50
58
*1655
07
24
28
46
53
56
*1656
04
06
11
43
54
56
*1657
07
10
14
37
45
54
*1658
07
11
19
23
40
49
*1659
04
10
20
33
37
49
*1660
08
17
34
38
42
51
*1661
13
16
27
43
48
58
*1662
10
14
25
29
33
57
*1663
18
20
27
40
49
55
*1664
08
21
23
29
36
48
*1665
01
05
11
16
20
56
*1666
01
02
23
27
45
51
*1667
07
12
24
44
51
56
*1668
05
40
47
52
55
57
*1669
28
29
31
45
48
49
*1670
01
17
19
30
33
47
*1671
21
27
31
45
55
56
*1672
01
03
05
10
20
42
*1673
05
10
23
24
35
47
*1674
22
30
42
50
58
59
*1675
03
18
34
35
36
56
*1676
01
02
11
37
48
51
*1677
10
15
28
33
51
52
*1678
09
11
17
19
35
52
*1679
01
02
27
28
46
47
*1680
23
37
38
46
47
51
*1681
01
06
08
11
33
50
*1682
07
13
35
37
39
51
*1683
04
12
32
33
34
48
*1684
09
12
18
31
39
50
*1685
03
18
31
39
46
51
*1686
09
14
37
44
46
55
*1687
15
24
37
46
49
58
*1688
18
23
30
32
42
56
*1689
02
05
13
27
41
53
*1690
21
24
26
35
45
53
*1691
01
10
24
39
45
58
*1692
11
13
14
27
44
56
*1693
05
15
18
19
21
38
*1694
20
29
34
37
45
57
*1695
24
36
38
43
44
58
*1696
01
12
17
31
37
46
*1697
08
23
30
51
53
58
*1698
11
13
24
28
44
45
*1699
01
06
10
30
33
38
*1700
15
18
41
48
50
58
*1701
03
09
18
32
40
56
*1702
17
19
33
35
39
52
*1703
03
23
26
35
39
49
*1704
01
07
11
32
51
59
*1705
25
27
29
37
50
51
*1706
12
31
34
36
48
56
*1707
07
16
20
27
36
52
*1708
17
29
32
38
45
50
*1709
07
19
30
35
42
47
*1710
07
21
28
56
58
59
*1711
22
26
38
39
45
50
*1712
02
12
19
29
50
59
*1713
03
10
16
23
27
29
*1714
02
08
24
36
51
52
*1715
16
20
35
40
53
60
*1716
02
25
36
41
42
53
*1717
02
09
16
37
44
58
*1718
04
30
31
32
47
53
*1719
01
22
31
34
44
54
*1720
18
23
31
39
49
57
*1721
04
12
19
33
36
38
*1722
09
23
39
41
49
58
*1723
14
27
30
46
52
60
*1724
27
33
37
39
58
60
*1725
16
18
26
30
31
34
*1726
03
10
42
49
54
57
*1727
04
06
19
20
40
41
*1728
03
08
28
39
42
59
*1729
07
14
23
43
44
53
*1730
01
10
17
24
42
51
*1731
05
18
27
43
49
59
*1732
25
34
38
45
53
60
*1733
03
05
09
14
41
46
*1734
12
17
25
29
41
52
*1735
06
16
33
34
45
46
*1736
12
13
24
29
32
41
*1737
05
08
42
50
51
59
*1738
12
28
37
46
48
53
*1739
09
10
17
32
34
46
*1740
10
15
25
38
47
53
*1741
15
18
20
32
48
49
*1742
11
19
21
23
27
52
*1743
04
10
29
31
34
35
*1744
09
12
14
29
42
56
*1745
09
13
18
47
52
60
*1746
06
18
37
40
41
58
*1747
06
33
34
48
53
59
*1748
02
10
13
41
49
53
*1749
03
13
14
29
33
43
*1750
15
17
20
31
41
48
*1751
15
22
23
42
51
57
*1752
09
36
37
53
55
60
*1753
08
15
29
35
45
54
*1754
20
27
30
31
40
53
*1755
02
05
08
18
30
48
*1756
06
13
14
28
35
45
*1757
13
25
28
37
43
56
*1758
06
11
16
23
36
42
*1759
02
14
21
22
51
60
*1760
10
24
25
36
47
48
*1761
09
10
36
50
53
55
*1762
26
32
42
45
55
59
*1763
09
12
15
21
31
36
*1764
06
07
29
39
41
55
*1765
01
06
28
37
56
58
*1766
22
23
41
46
53
60
*1767
16
26
35
39
44
45
*1768
05
07
11
34
35
50
*1769
32
37
44
47
54
60
*1770
11
26
27
30
34
41
*1771
02
20
27
28
32
38
*1772
12
19
27
39
41
45
*1773
15
30
39
41
45
59
*1774
01
12
20
30
52
60
*1775
13
30
32
39
46
54
*1776
10
11
14
19
39
48
*1777
04
19
38
44
52
55
*1778
04
10
38
40
45
48
*1779
12
25
30
39
56
57
*1780
06
20
22
31
33
34
*1781
01
08
22
49
52
53
*1782
06
18
34
47
52
57
*1783
04
06
16
18
21
38
*1784
04
15
26
30
54
55
*1785
05
11
27
41
42
54
*1786
02
06
08
21
25
34
*1787
01
05
13
25
26
29
*1788
03
13
42
45
56
59
*1789
06
25
43
57
58
59
*1790
11
13
26
27
28
50
*1791
12
18
46
50
53
55
*1792
02
16
17
18
41
47
*1793
13
14
22
54
56
58
*1794
01
05
34
37
40
60
*1795
30
42
47
50
55
58
*1796
22
23
34
48
53
54
*1797
02
13
14
35
54
57
*1798
02
09
23
28
45
53
*1799
01
03
04
39
51
53
*1800
06
11
16
19
31
56
*1801
06
19
34
43
45
54
*1802
02
06
13
14
17
44
*1803
04
08
29
38
49
50
*1804
20
21
28
48
50
59
*1805
17
22
27
31
49
57
*1806
11
20
35
42
55
58
*1807
01
15
16
22
25
43
*1808
02
14
20
25
41
45
*1809
09
12
23
24
46
54
*1810
01
10
25
43
50
56
*1811
05
17
32
35
37
57
*1812
20
23
32
34
37
45
*1813
09
11
13
15
19
51
*1814
09
11
27
46
51
53
*1815
08
11
25
39
41
60
*1816
05
10
12
22
28
46
*1817
01
04
26
39
47
55
*1818
02
06
10
15
53
56
*1819
17
18
26
30
33
37
*1820
03
19
23
27
40
45
*1821
19
22
31
36
52
53
*1822
01
22
26
43
50
53
*1823
04
09
21
34
54
59
*1824
05
06
12
19
30
60
*1825
10
11
21
50
51
54
*1826
17
19
32
43
48
51
*1827
26
33
42
43
53
54
*1828
06
11
32
40
48
59
*1829
07
13
24
30
32
53
*1830
03
07
29
37
54
60
*1831
15
27
28
32
48
55
*1832
14
34
46
47
56
57
*1833
02
03
07
16
27
42
*1834
02
17
22
24
48
51
*1835
08
28
36
47
50
58
*1836
08
15
18
45
59
60
*1837
41
44
48
50
54
57
*1838
05
08
24
30
57
59
*1839
07
22
28
32
56
58
*1840
15
17
33
41
47
48
*1841
03
06
13
38
49
51
*1842
16
18
22
24
34
43
*1843
08
26
28
33
41
54
*1844
03
04
37
39
48
50
*1845
03
09
13
29
30
51
*1846
06
24
26
30
34
49
*1847
01
06
45
49
50
57
*1848
09
40
41
50
55
58
*1849
03
05
11
27
35
44
*1850
23
24
32
38
40
41
*1851
08
18
21
22
35
37
*1852
13
17
29
45
49
50
*1853
01
02
34
39
41
45
*1854
25
30
31
34
43
59
*1855
06
10
15
24
38
39
*1856
02
09
14
22
32
37
*1857
13
23
25
35
52
53
*1858
22
28
30
33
55
59
*1859
01
13
14
21
26
51
*1860
10
30
36
40
44
60
*1861
02
04
09
35
45
60
*1862
02
08
35
42
49
56
*1863
16
23
45
56
58
59
*1864
04
05
14
37
40
60
*1865
01
05
31
32
37
42
*1866
14
17
36
38
44
60
*1867
03
10
17
21
22
43
*1868
01
05
23
25
28
31
*1869
11
23
24
26
40
52
*1870
18
20
30
32
33
40
*1871
03
11
17
33
52
58
*1872
11
13
25
39
46
56
*1873
05
25
28
41
53
54
*1874
10
28
37
43
44
47
*1875
01
45
47
52
53
55
*1876
07
18
39
41
44
51
*1877
13
16
23
24
32
35
*1878
12
16
26
40
56
57
*1879
05
10
20
57
58
59
*1880
05
16
19
37
51
56
*1881
03
10
30
44
53
56
*1882
09
10
19
35
37
41
*1883
16
27
28
47
59
60
*1884
01
04
23
32
38
59
*1885
07
14
18
23
32
59
*1886
03
07
15
40
45
54
*1887
11
23
34
41
46
56
*1888
01
10
17
18
45
48
*1889
16
23
25
28
30
44
*1890
05
11
22
24
51
53
*1891
01
03
19
23
47
58
*1892
06
17
22
30
37
50
*1893
16
17
19
28
45
58
*1894
21
31
35
53
54
57
*1895
02
03
05
10
15
34
*1896
03
06
14
15
21
25
*1897
09
22
25
47
52
58
*1898
12
34
45
53
55
58
*1899
20
23
35
36
44
48
*1900
08
11
27
28
43
46
*1901
11
12
26
30
37
53
*1902
02
07
09
18
21
25
*1903
09
10
15
28
43
45
*1904
12
15
18
21
51
56
*1905
29
35
43
54
56
57
*1906
06
27
33
39
40
60
*1907
03
25
35
38
44
48
*1908
04
10
13
23
27
57
*1909
11
40
43
45
47
57
*1910
06
09
15
22
39
48
*1911
16
18
23
30
32
33
*1912
10
13
33
35
36
42
*1913
04
14
17
43
52
56
*1914
16
29
33
39
42
44
*1915
02
20
21
33
48
57
*1916
03
09
18
23
50
52
*1917
04
21
25
33
36
46
*1918
16
17
20
22
38
50
*1919
11
28
37
45
54
60
*1920
25
31
33
39
43
45
*1921
10
15
16
19
28
35
*1922
20
22
36
38
41
43
*1923
09
34
42
45
46
59
*1924
12
16
30
52
53
58
*1925
01
17
38
43
45
47
*1926
02
03
14
20
30
46
*1927
05
11
13
19
30
31
*1928
10
26
28
51
53
59
*1929
03
10
23
36
43
52
*1930
04
17
18
37
52
56
*1931
02
08
09
15
22
34
*1932
10
16
21
29
44
55
*1933
02
14
15
19
35
59
*1934
08
23
35
39
56
59
*1935
01
03
10
17
23
24
*1936
03
12
24
40
51
52
*1937
06
10
24
29
43
55
*1938
10
16
32
40
42
54
*1939
07
24
29
39
45
52
*1940
09
13
16
17
36
47
*1941
01
09
24
38
48
49
*1942
06
18
20
24
43
48
*1943
09
11
12
30
39
43
*1944
08
09
39
47
57
59
*1945
04
08
10
21
45
54
*1946
04
06
39
44
52
60
*1947
08
33
40
52
55
59
*1948
12
20
24
28
33
57
*1949
01
06
14
22
30
56
*1950
10
21
32
34
48
57
*1951
14
16
19
21
33
55
*1952
09
21
36
38
52
53
*1953
09
26
29
42
43
45
*1954
09
25
33
35
40
49
*1955
15
27
33
36
41
45
*1956
05
08
20
28
40
45
*1957
02
14
22
23
29
47
*1958
15
20
22
24
34
55
*1959
08
21
27
35
43
56
*1960
01
18
25
37
39
43
*1961
17
25
26
30
32
50
*1962
05
06
15
25
39
53
*1963
04
05
07
34
42
60
*1964
02
27
32
36
48
50
*1965
26
28
35
38
48
55
*1966
10
13
19
32
40
60
*1967
13
30
32
39
46
54
*1968
35
36
39
44
48
52
*1969
08
20
30
32
48
59
*1970
05
10
18
24
39
52
*1971
04
10
41
44
52
54
*1972
09
16
20
54
57
59
*1973
01
12
16
17
52
60
*1974
04
19
27
38
54
57
*1975
08
11
24
26
47
57
*1976
12
14
19
25
52
59
*1977
03
16
28
32
34
37
*1978
02
06
22
44
55
57
*1979
22
23
29
32
38
45
*1980
12
16
17
18
34
37
*1981
06
15
19
37
39
53
*1982
04
14
20
24
46
50
*1983
05
06
10
14
22
36
*1984
21
29
32
35
43
50
*1985
09
28
29
34
36
55
*1986
23
36
43
44
55
56
*1987
10
14
31
34
45
58
*1988
05
10
39
42
46
54
*1989
15
22
30
32
40
58
*1990
11
24
26
34
37
59
*1991
19
20
28
34
36
44
*1992
05
11
13
21
53
54
*1993
06
17
33
48
50
57
*1994
02
05
12
32
40
44
*1995
14
26
29
35
37
39
*1996
07
20
21
24
40
56
*1997
01
07
14
31
35
46
*1998
08
21
24
25
52
57
*1999
15
37
38
42
49
50
*2000
01
05
14
23
35
45
*2001
20
22
36
42
52
60
*2002
04
28
30
38
46
59
*2003
28
34
40
43
50
51
*2004
01
05
14
23
35
45
*2005
11
19
22
33
34
53
